5
4
3
2
1
8
7
6
277
276
275
274
273
280
279
278
29
28
27
26
25
32
31
30
21
20
19
18
17
24
23
22
293
292
291
290
289
296
295
294
61
60
59
58
57
64
63
62
53
52
51
50
49
56
55
54
45
44
43
42
41
48
47
46
77
76
75
74
73
80
79
78
69
68
67
66
65
72
71
70
341
340
339
338
337
344
343
342
93
92
91
90
89
96
95
94
189
188
187
186
185
192
191
190
117
116
115
114
113
120
119
118
109
108
107
106
105
112
111
110
213
212
211
210
209
216
215
214
149
148
147
146
145
152
151
150
141
140
139
138
137
144
143
142
133
132
131
130
129
136
135
134
165
164
163
162
161
168
167
166
157
156
155
154
153
160
159
158
261
260
259
258
257
264
263
262
269
268
267
266
265
272
271
270
101
100
99
98
97
104
103
102
285
284
283
282
281
288
287
286
301
300
299
298
297
304
303
302
125
124
123
122
121
128
127
126
317
316
315
314
313
320
319
318
309
308
307
306
305
312
311
310
325
324
323
322
321
328
327
326
333
332
331
330
329
336
335
334
349
348
347
346
345
352
351
350
173
172
171
170
169
176
175
174
181
180
179
178
177
184
183
182
13
12
11
10
9
16
15
14
197
196
195
194
193
200
199
198
37
36
35
34
33
40
39
38
205
204
203
202
201
208
207
206
229
228
227
226
225
232
231
230
221
220
219
218
217
224
223
222
237
236
235
234
233
240
239
238
245
244
243
242
241
248
247
246
85
84
83
82
81
88
87
86
253
252
251
250
249
256
255
254
356
355
354
353
359
358
357
